1.266912395307929806e+01
5.278117757586766601e+00
1.381922989740602326e+01
6.482747799900490548e+00
2.186487749371857703e+01
3.932738296353537777e+00
4.321527856078446028e+00
5.885633706557926281e+00
9.797870470448758695e+00
4.279852934123929309e+00
2.902053520317552593e+00
4.465164833756523954e+00
6.090206649434261266e+00
5.568662564520364455e+00
4.518517934255044999e+00
4.810282957497557632e+00
4.386282937061131371e+00
1.724277871936276441e+01
6.170354252742234813e+00
8.084791972229435686e+00
4.201787520059080627e+00
1.150510622094584079e+01
8.766957457057667824e+00
6.555134176761832521e+00
4.509888257786162313e+00
3.090200704060699355e+00
1.305086378641456868e+01
2.878321826891077073e+00
1.871988912347738676e+01
2.852986455161630630e+00
9.964034278288927737e+00
6.369417874514781808e+00
6.689533272670741937e+00
1.480556109609421789e+01
8.999891830174078677e+00
1.397987453029595706e+01
5.573562761492116380e+00
5.704722175207352919e+00
1.010647674874658719e+01
2.715506740153954546e+00
2.499173606358466415e+00
1.702994880228347085e+01
3.951625303785935905e+00
7.940411040344288018e+00
2.109273281397837962e+01
1.108415249244073664e+01
1.081357346446960754e+01
3.847895539903274820e+00
4.759566653676886361e+00
1.158830438209038149e+01
4.606510856845115853e+00
1.094726145719155319e+01
9.898654332583880944e+00
4.212828936480383035e+00
1.059593928520318862e+01
5.159360959168586724e+00
4.669769886988302865e+00
9.986199849451001143e+00
1.071259608606784752e+01
1.068776296337844478e+01
5.139859681221474297e+00
5.628231922699869827e+00
1.562305373262472941e+01
5.380011460837462067e+00
1.754604073753559135e+01
3.721751134528845206e+00
9.337559283222214290e+00
4.098358762924481979e+00
1.644076678154766213e+01
9.243675607107464387e+00
3.347610860654826492e+00
1.730083053388380421e+01
6.667360823918679458e+00
1.381379416716962005e+01
1.103750975744815044e+01
1.540166271781019347e+01
3.356803568936311599e+00
1.550119835694359338e+01
4.111646217912661605e+00
5.143293180581510526e+00
9.646540820315307130e+00
1.147954001930024681e+01
1.216354783552072050e+01
2.736087850768844643e+00
3.058235732374824600e+00
7.364231101751864017e+00
2.930767047743416853e+01
2.016780247170444795e+00
2.019006687642855979e+01
5.599936658292096858e+00
3.826949358191829464e+00
3.906883257320851843e+00
5.141744026295480552e+00
4.059260753688691992e+00
1.470973179444734491e+01
4.442419743225840101e+00
4.345433249339502702e+00
9.700065568522310500e+00
9.808290230493579287e+00
1.497718508904730861e+01
4.969248843483934586e+00
1.795673347785479024e+01
1.390845183518164419e+01
1.186478653295682584e+01
7.774940137125506467e+00
2.283242965251399248e+00
8.134225387211337477e+00
3.716983592295678207e+00
5.838927970901768738e+00
9.432560772965214113e+00
4.903921862824079270e+00
1.185691846027691376e+01
3.266858976994996944e+00
1.109146744110633520e+01
1.336234085261805582e+01
2.367994675830105678e+01
1.712451480907063228e+01
1.573895709577974067e+01
4.997004814414777840e+00
8.284373155136471212e+00
4.431565824767885964e+00
6.950141174337277405e+00
3.771395277654063793e+00
5.745466705106734295e+00
2.876235540831992843e+00
1.337507350924844296e+01
1.016340099522250995e+01
1.694586207425920676e+01
1.116472838442840931e+01
5.290215102217963761e+00
3.200721485583243542e+00
5.011931407754421031e+00
3.366279635976158868e+00
1.837262606159436373e+01
5.718483461525489808e+00
1.590187970350465108e+01
1.569359861643921050e+01
6.390810772725622257e+00
1.373511563413240744e+01
1.220149714410013253e+01
1.496658463788893734e+01
7.603519268307370460e+00
1.111355077093211463e+01
1.383794301022456352e+01
1.827348815923419423e+01
8.051555344294298422e+00
1.766435011866549232e+01
1.602554554208491311e+01
3.780821574958834752e+00
7.001851546039381979e+00
9.015488458211995848e+00
7.568858838571332015e+00
1.334151217192106387e+01
1.378050699485688924e+01
1.233545789980654384e+01
4.698325789635869221e+00
4.415120622545837037e+00
4.468091076925908567e+00
2.172020381857569404e+00
2.870316199104405719e+00
2.437628325083127656e+00
6.292067155534686762e+00
7.775502240127767806e+00
5.140636991319567528e+00
4.457266466579588027e+00
1.303424416623804127e+01
1.320572483508749961e+01
7.884013522481025937e+00
1.159362493160790564e+01
9.099315633731556829e+00
1.987821922556677734e+01
7.369983998183616158e+00
2.289519507969221657e+00
1.001019427379850946e+01
1.745469842999272103e+01
3.945096060487891965e+00
1.969448732292863014e+01
1.105694640618467872e+01
4.339827234246153687e+00
8.163269361082333475e+00
1.426478848914244679e+01
1.333281773598917042e+01
7.979877856886791854e+00
5.519940374067084932e+00
6.502886944431674365e+00
4.743367514827933284e+00
8.606521262188426391e+00
9.310781913958445344e+00
7.160486993992167370e+00
2.413585693303472723e+00
6.513812150388798017e+00
1.847409423826360353e+01
6.001521495164797493e+00
2.682963348385636770e+00
4.048856229630689363e+00
3.879485124128831952e+00
1.373975677197695866e+01
1.217945352198663400e+01
7.197180742586328783e+00
1.284280324946275975e+01
4.057828426011245604e+00
2.283847497039320995e+00
3.022147305727115540e+00
6.963418131886252027e+00
1.009288989377298584e+01
4.573346640948104280e+00
1.002407027122205996e+01
4.124773412487401814e+00
5.350202912355682017e+00
3.999566945359426917e+00
8.837632456957479121e+00
4.152255011720790812e+00
6.267626791809614240e+00
7.267513022753596452e+00
2.583887828111763874e+00
5.347175638664255715e+00
3.006052808535298215e+00
5.280992708569559824e+00
3.198121140636039250e+00
4.217765111120229449e+00
1.140988165159851775e+01
1.615313072349928447e+01
1.139298495279563461e+01
5.284362695941413612e+00
5.675835768642103041e+00
1.122278202689237681e+01
1.152894544160416856e+01
7.972869343921965779e+00
3.649500469644483047e+00
1.078451944876058732e+01
7.237314641099656498e+00
3.266081582005820216e+00
8.432826000280073231e+00
7.882674630112279424e+00
2.801007822223005927e+00
5.679558893850980894e+00
4.328459569799422368e+00
6.840991683929827261e+00
9.463383033290540425e+00
2.128435148149392830e+01
9.349443934888149954e+00
2.852774005155673809e+00
7.586892318917327849e+00
1.094236955278473999e+01
9.384345399877622285e+00
1.046215458385322350e+01
7.839146862690732576e+00
5.079714731269852734e+00
1.057707313100041091e+01
4.698942099847084997e+00
